
95155
121576
176342
108114
148622
85817
39131
135867
88359
74119
62830
97822
163406
38040
195631
192164
179803
20895
104879
173473
143594
21128
75715
60021
8448
11319
58337
104859
47578
173821
130850
16624
38941
60088
122232
55280
29485
33940
177667
166483
45637
154456
177910
74188
70062
111665
33721
41927
126665
125639
193413
64645
71612
178938
34378
197845
165812
169823
9133
85620
38398
44118
8871
177565
38977
1620
9548
7480
123372
50935
144322
67532
148561
158328
87366
56633
13946
143931
14806
29533
53965
18001
153776
43181
150292
122606
75113
191538
171976
173668
34548
35411
184215
134221
19033
192101
183794
99790
179700
82770
139613
34691
147606
56768
193017
46824
174530
155809
136853
157871
48992
46023
140710
127862
131958
131095
116218
96854
101232
190761
8080
149892
10716
138545
198983
195033
192451
155049
129675
111804
116164
13131
80439
118638
49033
9882
178012
176312
58927
63592
125799
52591
163151
106830
180362
197989
65242
95592
178753
179146
7379
74559
93554
149327
190592
8517
164805
143818
138339
193380
32400
98326
46702
40917
14469
156756
65266
126556
149289
106940
67767
19951
57798
86993
99702
65350
171018
48471
126873
64613
